  0.999078512       4.29205149E-02
  0.841435969      0.540356815    
  0.996376932       8.50470886E-02
  0.692178965      0.721725881    
  0.996664166       8.16115886E-02
  0.626847446      0.779141963    
  0.976242304      0.216681987    
  0.802951276      0.596044660    
  0.991938174      0.126722649    
  0.968054414      0.250740141    
  0.995375872       9.60564017E-02
  0.998663545       5.16831242E-02
  0.999126196       4.17945422E-02
  0.997875869       6.51433617E-02
  0.996154070       8.76193941E-02
  0.990134299      0.140122041    
  0.999999821       5.65268914E-04
  0.597200572      0.802091956    
  0.984578788      0.174941778    
  0.828951001      0.559321225    
  0.991218090      0.132237017    
  0.802951276      0.596044660    
  0.983153701      0.182780877    
  0.727688730      0.685907483    
  0.991938174      0.126722649    
  0.863634646      0.504118323    
  0.999274492       3.80849615E-02
  0.954976976      0.296679974    
  0.999216795       3.95711213E-02
  0.972021878      0.234890446    
  0.998995304       4.48170155E-02
  0.779727399      0.626119137    
  0.999999821       5.42278343E-04
  0.688480496      0.725254834    
  0.996376932       8.50470886E-02
  0.965782702      0.259352505    
  0.999999762       6.47641544E-04
  0.890695751      0.454600036    
  0.996154070       8.76193941E-02
  0.897602439      0.440805703    
  0.998790920       4.91608642E-02
  0.914667249      0.404207677    
  0.999999762       5.90295240E-04
  0.875260234      0.483652323    
  0.999326110       3.67063172E-02
  0.879150450      0.476544321    
  0.998790920       4.91608642E-02
  0.677420676      0.735595763    
  0.998593986       5.30092418E-02
  0.946256816      0.323415995    
  0.998900175       4.68886606E-02
  0.407001525      0.913427472    
  0.856426954      0.516268313    
  0.511614919      0.859214842    
  0.955021679      0.296535790    
  0.422675788      0.906280994    
  0.934121311      0.356955767    
  0.476762593      0.879032075    
  0.963323116      0.268344402    
  0.439459085      0.898262620    
  0.907161951      0.420781612    
  0.331596941      0.943421125    
  0.928781271      0.370628446    
  0.732927144      0.680307150    
  0.976242304      0.216681987    
  0.396837950      0.917888701    
  0.969005406      0.247039467    
  0.439459085      0.898262620    
  0.966340303      0.257267207    
  0.424819201      0.905278206    
  0.891347706      0.453320324    
  0.597200572      0.802091956    
  0.950777709      0.309873790    
  0.543772399      0.839232683    
  0.955021679      0.296535790    
  0.533622026      0.845723152    
  0.938900173      0.344189584    
  0.626847446      0.779141963    
  0.942446709      0.334356397    
  0.597200572      0.802091956    
  0.898489714      0.438994467    
  0.503694654      0.863881707    
  0.912630618      0.408785164    
  0.458616525      0.888634264    
  0.971370339      0.237570316    
  0.321506768      0.946907222    
  0.907161951      0.420781612    
  0.187210828      0.982319772    
  0.860322356      0.509750366    
  0.541088998      0.840965331    
  0.991938174      0.126722649    
  0.420092791      0.907481194    
  0.890774786      0.454444945    
  0.658516765      0.752566099    
  0.946849525      0.321676731    
  0.321506768      0.946907222    
  0.942446709      0.334356397    
  0.658516765      0.752566099    
  0.969005406      0.247039467    
  0.457452029      0.889234364    
  0.722286284      0.691594124    
   8.94671082E-02  0.995989859    
  0.776626766      0.629960954    
  0.277973831      0.960588634    
  0.884711862      0.466138422    
  0.255275935      0.966868281    
  0.372452140      0.928051353    
   5.49486279E-02  0.998489201    
  0.682356656      0.731019378    
  0.146034196      0.989279568    
  0.879403114      0.476077914    
   4.32388969E-02  0.999064744    
  0.801904500      0.597452223    
  0.150219947      0.988652587    
  0.496765137      0.867884994    
  0.107273981      0.994229496    
  0.643298805      0.765615284    
   7.53314495E-02  0.997158527    
  0.424634755      0.905364692    
  0.108693421      0.994075358    
  0.789141893      0.614210963    
   8.45507234E-02  0.996419251    
  0.371979117      0.928241074    
  0.161502331      0.986872375    
  0.196955726      0.980412364    
  0.113357507      0.993554294    
  0.842726886      0.538341403    
  0.189829290      0.981817126    
  0.255132735      0.966906011    
   6.16203249E-02  0.998099685    
  0.579754412      0.814791203    
  0.108693421      0.994075358    
  0.525159836      0.851003587    
  0.219191968      0.975681722    
  0.296041012      0.955175281    
  0.146518990      0.989207864    
  0.726433277      0.687237024    
  0.139349923      0.990243196    
  0.127286330      0.991865993    
   5.07597029E-02  0.998710871    
  0.624790192      0.780792713    
  0.385045439      0.922897577    
  0.214052916      0.976822078    
   8.13615248E-02  0.996684730    
  0.851994157      0.523551285    
  0.204643592      0.978836536    
  0.761460304      0.648211539    
   8.12343671E-04  0.999999702    
  0.441127419      0.897444546    
